SETVAL temp = 293.0 
SETVAL xmax = 10.75 
HEAD 1 
  uranium u235 4.0 
material 1 density 10.4 temp $temp class   1 
u 100.0 
material 2 density 6.44 temp $temp class   2 
zr 97.91 sn 1.59 fe 0.5 
material 3 density 0.73 temp $temp class   3 
h 11.19 o 88.81 b10 0.0148504 b11 0.0651496 
    xgrid 1  1.260000  
    ygrid 1  1.260000  
    map 1001  1 1  1 1
    rodsub 1 1  0.377300  1 
    rodsub 1 2  0.428700  2 
    rodsub 1 3  0.000000  3 
    begin 
 
PERSEUS 1 
    xgrid 1  1.260000  
    ygrid 1  1.260000  
    map 1001  1 1  1 1
    rodsub 1 1  0.377300  1 
    rodsub 1 2  0.428700  2 
    rodsub 1 3  0.000000  3 
    square 
    begin 
 
PIP 1 
    niter 10 
    begin 
 
COND 1 2 
    partition 22 45 92 135 152 172 
    cond 1 1 material 1 
    cond 2 2 material 2 
    cond 3 3 material 3 
    cond 4 3 material 3 
    begin 
 
CACTUS 2  * reads condensed 6-group XS from interface 2 (written by COND) 
  geomin 
  DIAG 
  dimension   $xmax  $xmax 
  nodes 
         0.0     0.0 
         $xmax    0.0
         $xmax    $xmax
    edges 
1  2 
2  3 
3  1 
    elements 
1  2  3 

split 
        0   1.260000   0.000000     0.369600  0.377300  0.428700
        0   2.520000   0.000000     0.369600  0.377300  0.428700
        0   5.040000   0.000000     0.369600  0.377300  0.428700
        0   6.300000   0.000000     0.369600  0.377300  0.428700
        0   9.018947   0.000000     0.369600  0.377300  0.428700
        0   10.146316   0.000000     0.369600  0.377300  0.428700
        0   9.018947   9.018947     0.369600  0.377300  0.428700
        0   10.146316   10.146316     0.369600  0.377300  0.428700
        0   1.127368   1.127368     0.369600  0.377300  0.428700
        0   2.254737   2.254737     0.369600  0.377300  0.428700
        0   7.891579   7.891579     0.369600  0.377300  0.428700
        0   7.124968   7.124968     0.369600  0.377300  0.428700
        0   4.622211   4.622211     0.369600  0.377300  0.428700
        0   0.000000   0.000000    0.560000  0.610000
        0   3.780000   3.780000    0.560000  0.610000
        0   6.300000   6.300000    0.560000  0.610000
        0   3.780000   0.000000    0.560000  0.610000
        0   7.560000   0.000000    0.560000  0.610000
inserts 
        0   9.018947   1.127368     0.369600  0.377300  0.428700
        0   10.146316   1.127368     0.369600  0.377300  0.428700
        0   9.018947   2.254737     0.369600  0.377300  0.428700
        0   10.146316   2.254737     0.369600  0.377300  0.428700
        0   9.018947   3.382105     0.369600  0.377300  0.428700
        0   10.146316   3.382105     0.369600  0.377300  0.428700
        0   9.018947   4.509474     0.369600  0.377300  0.428700
        0   10.146316   4.509474     0.369600  0.377300  0.428700
        0   9.018947   5.636842     0.369600  0.377300  0.428700
        0   10.146316   5.636842     0.369600  0.377300  0.428700
        0   9.018947   6.764211     0.369600  0.377300  0.428700
        0   10.146316   6.764211     0.369600  0.377300  0.428700
        0   9.018947   7.891579     0.369600  0.377300  0.428700
        0   10.146316   7.891579     0.369600  0.377300  0.428700
        0   10.146316   9.018947     0.369600  0.377300  0.428700
        0   2.254737   1.127368     0.369600  0.377300  0.428700
        0   3.382105   1.127368     0.369600  0.377300  0.428700
        0   4.509474   1.127368     0.369600  0.377300  0.428700
        0   5.636842   1.127368     0.369600  0.377300  0.428700
        0   6.764211   1.127368     0.369600  0.377300  0.428700
        0   7.891579   1.127368     0.369600  0.377300  0.428700
        0   3.382105   2.254737     0.369600  0.377300  0.428700
        0   4.509474   2.254737     0.369600  0.377300  0.428700
        0   5.636842   2.254737     0.369600  0.377300  0.428700
        0   6.764211   2.254737     0.369600  0.377300  0.428700
        0   7.891579   2.254737     0.369600  0.377300  0.428700
        0   8.117053   5.073158     0.369600  0.377300  0.428700
        0   6.820579   4.636800     0.369600  0.377300  0.428700
        0   8.117053   6.200526     0.369600  0.377300  0.428700
        0   7.215158   5.636842     0.369600  0.377300  0.428700
        0   5.073158   3.156632     0.369600  0.377300  0.428700
        0   6.200526   3.156632     0.369600  0.377300  0.428700
        0   5.636842   4.058526     0.369600  0.377300  0.428700
        0   5.862316   5.106979     0.369600  0.377300  0.428700
        0   7.560000   3.780000    0.560000  0.610000
    material 
        3   * background/element material 
        1 4 2 
        1 4 2 
        1 4 2 
        1 4 2 
        1 4 2 
        1 4 2 
        1 4 2 
        1 4 2 
        1 4 2 
        1 4 2 
        1 4 2 
        1 4 2 
        1 4 2 
        3 2 
        3 2 
        3 2 
        3 2 
        3 2 
        1 4 2 
        1 4 2 
        1 4 2 
        1 4 2 
        1 4 2 
        1 4 2 
        1 4 2 
        1 4 2 
        1 4 2 
        1 4 2 
        1 4 2 
        1 4 2 
        1 4 2 
        1 4 2 
        1 4 2 
        1 4 2 
        1 4 2 
        1 4 2 
        1 4 2 
        1 4 2 
        1 4 2 
        1 4 2 
        1 4 2 
        1 4 2 
        1 4 2 
        1 4 2 
        1 4 2 
        1 4 2 
        1 4 2 
        1 4 2 
        1 4 2 
        1 4 2 
        1 4 2 
        1 4 2 
        3 2 
    picture 
    endgeom 
    azimuthal 3 0.1 2 2 
   * kh=2 kv=2 -> reflective, required for diagonal symmetry 
    polar 3 
    begin 
 
POWER 2 
    POWER 2.212500e+06   * total assembly power (W) 
    FISSION          * deposit all energy at point of fission 
    BEGIN 
EDIT 2 
    NORM  2.212500e+06  POWER   * normalise to assembly power (W) 
    POWERMAP 
    TOFILE powermap.txt 
        3 1 2 
   5 1 5 
   10 1 8 
   15 1 11 
        23 1 14 
   24 1 17 
   23 19 20 
   24 20 23 
        2 2 26 
   4 3 29 
   21 18 32 
   18 17 35 
        9 9 38 
   23 2 51 
   24 2 54 
   23 3 57 
        24 3 60 
   23 5 63 
   24 5 66 
   23 8 69 
        24 8 72 
   23 13 75 
   24 13 78 
   23 16 81 
        24 16 84 
   23 18 87 
   24 18 90 
   24 19 93 
        4 2 96 
   6 2 99 
   8 2 102 
   12 2 105 
        16 2 108 
   21 2 111 
   6 3 114 
   8 3 117 
        12 3 120 
   16 3 123 
   21 3 126 
   22 11 129 
        17 10 132 
   22 14 135 
   19 13 138 
   11 4 141 
        14 4 144 
   12 7 147 
   13 12 150 
    BEGIN 
 
STOP