Final optimized assembly 
[6, 8, 10, 12, 14, 16, 18, 20, 23, 24, 25, 26, 27, 28, 29, 30, 31, 32, 33, 34, 35, 36, 37, 38, 39, 40, 41, 42, 43, 44, 45, 46]
       message: Maximum number of iterations has been exceeded.
       success: False
        status: 2
           fun: 1.0237640659249474
             x: [ 9.019e+00  1.127e+00 ...  5.863e+00  5.115e+00]
           nit: 10
          nfev: 308
 final_simplex: (array([[ 9.019e+00,  1.127e+00, ...,  5.863e+00,
                         5.115e+00],
                       [ 9.019e+00,  1.127e+00, ...,  5.863e+00,
                         5.123e+00],
                       ...,
                       [ 9.019e+00,  1.127e+00, ...,  5.862e+00,
                         5.115e+00],
                       [ 9.019e+00,  1.127e+00, ...,  5.862e+00,
                         5.115e+00]]), array([ 1.024e+00,  1.024e+00, ...,  1.000e+02,  1.000e+02]))
[9.01943751, 1.12742969, 9.01943751, 2.25485938, 9.01943751, 3.38228907,
 9.01943751, 4.50971876, 9.01943751, 5.63714844, 9.01943751, 6.76457813,
 9.01943751, 7.89200782, 9.01943751, 1.12742969, 2.25485938, 1.12742969,
 3.38228907, 1.12742969, 4.50971876, 1.12742969, 5.63714844, 1.12742969,
 6.76457813, 1.12742969, 7.89189969, 1.12742969, 2.25485938, 3.38228907,
 2.29713569, 4.50971876, 2.25485938, 5.63714844, 2.25485938, 6.76457813,
 2.25485938, 7.89200782, 2.3112278,  8.11749376, 5.0734336,  6.82094962,
 4.63705199, 7.89200782, 8.11749376, 6.20086329, 7.12535563, 7.21555001,
 5.64580416, 5.0734336, 3.15680313, 6.20086329, 3.15680313, 5.63714844,
 4.05874688, 4.62246172, 5.86263438, 5.11502799]

