324
     1     2     2     0
     1    88    47    16    88     8     1    10     0           1     1
-2.28750E-01
    16
 1.14375E-01
 4.31136E+02 4.24430E+02 4.20250E+02 4.19923E+02 4.03215E+02 3.84280E+02
 3.93251E+02 3.82964E+02 3.93927E+02 3.82221E+02 4.08631E+02 3.82898E+02
 3.86124E+02 3.75991E+02 3.62029E+02 3.66369E+02 3.62879E+02 3.63137E+02
 3.61273E+02 3.60624E+02 3.56665E+02 3.57920E+02 3.62148E+02 4.13820E+02
 4.08675E+02 4.22304E+02 4.11252E+02 4.00338E+02 4.10749E+02 4.18941E+02
 4.10480E+02 4.30711E+02 4.10500E+02 3.88292E+02 4.04840E+02 4.23225E+02
 3.90556E+02 4.22724E+02 3.77235E+02 3.74642E+02 4.04094E+02 4.01355E+02
 4.10021E+02 4.05158E+02 4.02244E+02 4.27945E+02 4.05900E+02
 3.43125E-01
 3.78145E+03 3.72264E+03 3.68597E+03 3.68311E+03 3.53656E+03 3.37049E+03
 3.44916E+03 3.35894E+03 3.45509E+03 3.35242E+03 3.58406E+03 3.35836E+03
 3.38665E+03 3.29778E+03 3.17532E+03 3.21338E+03 3.18278E+03 3.18504E+03
 3.16869E+03 3.16299E+03 3.12827E+03 3.13928E+03 3.17636E+03 3.62957E+03
 3.58445E+03 3.70399E+03 3.60705E+03 3.51132E+03 3.60264E+03 3.67449E+03
 3.60028E+03 3.77772E+03 3.60046E+03 3.40567E+03 3.55081E+03 3.71207E+03
 3.42552E+03 3.70767E+03 3.30869E+03 3.28595E+03 3.54427E+03 3.52024E+03
 3.59625E+03 3.55360E+03 3.52805E+03 3.75346E+03 3.56011E+03
 5.71875E-01
 9.97202E+03 9.81692E+03 9.72024E+03 9.71268E+03 9.32622E+03 8.88827E+03
 9.09575E+03 8.85783E+03 9.11139E+03 8.84063E+03 9.45149E+03 8.85631E+03
 8.93091E+03 8.69655E+03 8.37360E+03 8.47398E+03 8.39327E+03 8.39924E+03
 8.35612E+03 8.34110E+03 8.24953E+03 8.27857E+03 8.37636E+03 9.57150E+03
 9.45251E+03 9.76775E+03 9.51212E+03 9.25968E+03 9.50048E+03 9.68995E+03
 9.49426E+03 9.96220E+03 9.49473E+03 8.98106E+03 9.36380E+03 9.78906E+03
 9.03341E+03 9.77746E+03 8.72532E+03 8.66533E+03 9.34656E+03 9.28320E+03
 9.48364E+03 9.37116E+03 9.30377E+03 9.89822E+03 9.38833E+03
 8.00625E-01
 1.80604E+04 1.77795E+04 1.76044E+04 1.75907E+04 1.68908E+04 1.60976E+04
 1.64734E+04 1.60425E+04 1.65017E+04 1.60113E+04 1.71177E+04 1.60397E+04
 1.61748E+04 1.57504E+04 1.51655E+04 1.53473E+04 1.52011E+04 1.52119E+04
 1.51338E+04 1.51066E+04 1.49408E+04 1.49934E+04 1.51705E+04 1.73350E+04
 1.71195E+04 1.76904E+04 1.72275E+04 1.67703E+04 1.72064E+04 1.75495E+04
 1.71951E+04 1.80426E+04 1.71960E+04 1.62657E+04 1.69588E+04 1.77290E+04
 1.63605E+04 1.77080E+04 1.58025E+04 1.56938E+04 1.69276E+04 1.68129E+04
 1.71759E+04 1.69722E+04 1.68501E+04 1.79267E+04 1.70033E+04
 1.02937E+00
 2.68152E+04 2.63981E+04 2.61381E+04 2.61178E+04 2.50786E+04 2.39009E+04
 2.44589E+04 2.38191E+04 2.45009E+04 2.37728E+04 2.54154E+04 2.38150E+04
 2.40156E+04 2.33854E+04 2.25170E+04 2.27869E+04 2.25699E+04 2.25859E+04
 2.24700E+04 2.24296E+04 2.21833E+04 2.22614E+04 2.25244E+04 2.57382E+04
 2.54182E+04 2.62659E+04 2.55785E+04 2.48997E+04 2.55472E+04 2.60567E+04
 2.55305E+04 2.67888E+04 2.55317E+04 2.41504E+04 2.51797E+04 2.63232E+04
 2.42912E+04 2.62920E+04 2.34627E+04 2.33014E+04 2.51333E+04 2.49629E+04
 2.55019E+04 2.51995E+04 2.50182E+04 2.66167E+04 2.52456E+04
 1.25813E+00
 3.49035E+04 3.43607E+04 3.40223E+04 3.39958E+04 3.26432E+04 3.11103E+04
 3.18365E+04 3.10037E+04 3.18912E+04 3.09435E+04 3.30816E+04 3.09984E+04
 3.12595E+04 3.04392E+04 2.93088E+04 2.96602E+04 2.93777E+04 2.93986E+04
 2.92477E+04 2.91951E+04 2.88746E+04 2.89762E+04 2.93185E+04 3.35017E+04
 3.30852E+04 3.41886E+04 3.32938E+04 3.24103E+04 3.32531E+04 3.39163E+04
 3.32313E+04 3.48692E+04 3.32330E+04 3.14350E+04 3.27747E+04 3.42632E+04
 3.16183E+04 3.42226E+04 3.05399E+04 3.03300E+04 3.27143E+04 3.24926E+04
 3.31941E+04 3.28005E+04 3.25646E+04 3.46452E+04 3.28605E+04
 1.48687E+00
 4.10941E+04 4.04550E+04 4.00566E+04 4.00254E+04 3.84328E+04 3.66281E+04
 3.74831E+04 3.65026E+04 3.75475E+04 3.64317E+04 3.89490E+04 3.64963E+04
 3.68038E+04 3.58380E+04 3.45071E+04 3.49208E+04 3.45882E+04 3.46128E+04
 3.44351E+04 3.43732E+04 3.39959E+04 3.41155E+04 3.45185E+04 3.94436E+04
 3.89532E+04 4.02523E+04 3.91989E+04 3.81586E+04 3.91509E+04 3.99317E+04
 3.91253E+04 4.10536E+04 3.91272E+04 3.70104E+04 3.85877E+04 4.03401E+04
 3.72262E+04 4.02924E+04 3.59565E+04 3.57093E+04 3.85166E+04 3.82555E+04
 3.90815E+04 3.86180E+04 3.83403E+04 4.07900E+04 3.86888E+04
 1.71563E+00
 4.44444E+04 4.37532E+04 4.33223E+04 4.32886E+04 4.15662E+04 3.96143E+04
 4.05390E+04 3.94786E+04 4.06087E+04 3.94019E+04 4.21245E+04 3.94718E+04
 3.98043E+04 3.87598E+04 3.73204E+04 3.77678E+04 3.74081E+04 3.74347E+04
 3.72425E+04 3.71756E+04 3.67675E+04 3.68969E+04 3.73327E+04 4.26594E+04
 4.21290E+04 4.35340E+04 4.23947E+04 4.12696E+04 4.23428E+04 4.31873E+04
 4.23151E+04 4.44007E+04 4.23172E+04 4.00278E+04 4.17337E+04 4.36290E+04
 4.02611E+04 4.35773E+04 3.88880E+04 3.86207E+04 4.16568E+04 4.13744E+04
 4.22678E+04 4.17665E+04 4.14661E+04 4.41155E+04 4.18430E+04
 1.94437E+00
 4.44444E+04 4.37532E+04 4.33223E+04 4.32886E+04 4.15662E+04 3.96143E+04
 4.05390E+04 3.94786E+04 4.06087E+04 3.94019E+04 4.21245E+04 3.94718E+04
 3.98043E+04 3.87598E+04 3.73204E+04 3.77678E+04 3.74081E+04 3.74347E+04
 3.72425E+04 3.71756E+04 3.67675E+04 3.68969E+04 3.73327E+04 4.26594E+04
 4.21290E+04 4.35340E+04 4.23947E+04 4.12696E+04 4.23428E+04 4.31873E+04
 4.23151E+04 4.44007E+04 4.23172E+04 4.00278E+04 4.17337E+04 4.36290E+04
 4.02611E+04 4.35773E+04 3.88880E+04 3.86207E+04 4.16568E+04 4.13744E+04
 4.22678E+04 4.17665E+04 4.14661E+04 4.41155E+04 4.18430E+04
 2.17313E+00
 4.10941E+04 4.04550E+04 4.00566E+04 4.00254E+04 3.84328E+04 3.66281E+04
 3.74831E+04 3.65026E+04 3.75475E+04 3.64317E+04 3.89490E+04 3.64963E+04
 3.68038E+04 3.58380E+04 3.45071E+04 3.49208E+04 3.45882E+04 3.46128E+04
 3.44351E+04 3.43732E+04 3.39959E+04 3.41155E+04 3.45185E+04 3.94436E+04
 3.89532E+04 4.02523E+04 3.91989E+04 3.81586E+04 3.91509E+04 3.99317E+04
 3.91253E+04 4.10536E+04 3.91272E+04 3.70104E+04 3.85877E+04 4.03401E+04
 3.72262E+04 4.02924E+04 3.59565E+04 3.57093E+04 3.85166E+04 3.82555E+04
 3.90815E+04 3.86180E+04 3.83403E+04 4.07900E+04 3.86888E+04
 2.40187E+00
 3.49035E+04 3.43607E+04 3.40223E+04 3.39958E+04 3.26432E+04 3.11103E+04
 3.18365E+04 3.10037E+04 3.18912E+04 3.09435E+04 3.30816E+04 3.09984E+04
 3.12595E+04 3.04392E+04 2.93088E+04 2.96602E+04 2.93777E+04 2.93986E+04
 2.92477E+04 2.91951E+04 2.88746E+04 2.89762E+04 2.93185E+04 3.35017E+04
 3.30852E+04 3.41886E+04 3.32938E+04 3.24103E+04 3.32531E+04 3.39163E+04
 3.32313E+04 3.48692E+04 3.32330E+04 3.14350E+04 3.27747E+04 3.42632E+04
 3.16183E+04 3.42226E+04 3.05399E+04 3.03300E+04 3.27143E+04 3.24926E+04
 3.31941E+04 3.28005E+04 3.25646E+04 3.46452E+04 3.28605E+04
 2.63063E+00
 2.68152E+04 2.63981E+04 2.61381E+04 2.61178E+04 2.50786E+04 2.39009E+04
 2.44589E+04 2.38191E+04 2.45009E+04 2.37728E+04 2.54154E+04 2.38150E+04
 2.40156E+04 2.33854E+04 2.25170E+04 2.27869E+04 2.25699E+04 2.25859E+04
 2.24700E+04 2.24296E+04 2.21833E+04 2.22614E+04 2.25244E+04 2.57382E+04
 2.54182E+04 2.62659E+04 2.55785E+04 2.48997E+04 2.55472E+04 2.60567E+04
 2.55305E+04 2.67888E+04 2.55317E+04 2.41504E+04 2.51797E+04 2.63232E+04
 2.42912E+04 2.62920E+04 2.34627E+04 2.33014E+04 2.51333E+04 2.49629E+04
 2.55019E+04 2.51995E+04 2.50182E+04 2.66167E+04 2.52456E+04
 2.85938E+00
 1.80604E+04 1.77795E+04 1.76044E+04 1.75907E+04 1.68908E+04 1.60976E+04
 1.64734E+04 1.60425E+04 1.65017E+04 1.60113E+04 1.71177E+04 1.60397E+04
 1.61748E+04 1.57504E+04 1.51655E+04 1.53473E+04 1.52011E+04 1.52119E+04
 1.51338E+04 1.51066E+04 1.49408E+04 1.49934E+04 1.51705E+04 1.73350E+04
 1.71195E+04 1.76904E+04 1.72275E+04 1.67703E+04 1.72064E+04 1.75495E+04
 1.71951E+04 1.80426E+04 1.71960E+04 1.62657E+04 1.69588E+04 1.77290E+04
 1.63605E+04 1.77080E+04 1.58025E+04 1.56938E+04 1.69276E+04 1.68129E+04
 1.71759E+04 1.69722E+04 1.68501E+04 1.79267E+04 1.70033E+04
 3.08813E+00
 9.97202E+03 9.81692E+03 9.72024E+03 9.71268E+03 9.32622E+03 8.88827E+03
 9.09575E+03 8.85783E+03 9.11139E+03 8.84063E+03 9.45149E+03 8.85631E+03
 8.93091E+03 8.69655E+03 8.37360E+03 8.47398E+03 8.39327E+03 8.39924E+03
 8.35612E+03 8.34110E+03 8.24953E+03 8.27857E+03 8.37636E+03 9.57150E+03
 9.45251E+03 9.76775E+03 9.51212E+03 9.25968E+03 9.50048E+03 9.68995E+03
 9.49426E+03 9.96220E+03 9.49473E+03 8.98106E+03 9.36380E+03 9.78906E+03
 9.03341E+03 9.77746E+03 8.72532E+03 8.66533E+03 9.34656E+03 9.28320E+03
 9.48364E+03 9.37116E+03 9.30377E+03 9.89822E+03 9.38833E+03
 3.31688E+00
 3.78145E+03 3.72264E+03 3.68597E+03 3.68311E+03 3.53656E+03 3.37049E+03
 3.44916E+03 3.35894E+03 3.45509E+03 3.35242E+03 3.58406E+03 3.35836E+03
 3.38665E+03 3.29778E+03 3.17532E+03 3.21338E+03 3.18278E+03 3.18504E+03
 3.16869E+03 3.16299E+03 3.12827E+03 3.13928E+03 3.17636E+03 3.62957E+03
 3.58445E+03 3.70399E+03 3.60705E+03 3.51132E+03 3.60264E+03 3.67449E+03
 3.60028E+03 3.77772E+03 3.60046E+03 3.40567E+03 3.55081E+03 3.71207E+03
 3.42552E+03 3.70767E+03 3.30869E+03 3.28595E+03 3.54427E+03 3.52024E+03
 3.59625E+03 3.55360E+03 3.52805E+03 3.75346E+03 3.56011E+03
 3.54563E+00
 4.31136E+02 4.24430E+02 4.20250E+02 4.19923E+02 4.03215E+02 3.84280E+02
 3.93251E+02 3.82964E+02 3.93927E+02 3.82221E+02 4.08631E+02 3.82898E+02
 3.86124E+02 3.75991E+02 3.62029E+02 3.66369E+02 3.62879E+02 3.63137E+02
 3.61273E+02 3.60624E+02 3.56665E+02 3.57920E+02 3.62148E+02 4.13820E+02
 4.08675E+02 4.22304E+02 4.11252E+02 4.00338E+02 4.10749E+02 4.18941E+02
 4.10480E+02 4.30711E+02 4.10500E+02 3.88292E+02 4.04840E+02 4.23225E+02
 3.90556E+02 4.22724E+02 3.77235E+02 3.74642E+02 4.04094E+02 4.01355E+02
 4.10021E+02 4.05158E+02 4.02244E+02 4.27945E+02 4.05900E+02
     1     2271E-5894E-5 38495E-5752E-5
     2     6737E-5542E-5 40312E-5752E-5
     3     9278E-5840E-5
     4     7562E-5632E-5 56155E-5762E-5
     5     6270E-5752E-5  9270E-5822E-5
     6     7270E-5757E-5
     7     8301E-5801E-5
     8     9646E-5597E-5
     9   
    10    11736E-5531E-5 45269E-5840E-5 82270E-5703E-5
    11    31270E-5751E-5 34269E-5840E-5
    12    19845E-6791E-5 35625E-5607E-5
    13    14676E-5626E-5 39395E-5790E-5
    14    16303E-5704E-5 41206E-5718E-5
    15    16477E-5779E-5 19222E-5929E-5
    16    17223E-5733E-5
    17    18213E-5746E-5 42460E-5662E-5
    18    19596E-5581E-5 64226E-5752E-5
    19   
    20    47736E-5531E-5 50269E-5840E-5 84270E-5703E-5
    21    23270E-5840E-5 24736E-5531E-5
    22    23737E-5615E-5 70134E-5840E-5
    23    29270E-5752E-5
    24    25269E-5752E-5 88270E-5703E-5
    25    26736E-5531E-5 87270E-5703E-5
    26    27269E-5840E-5 29270E-5840E-5
    27    48736E-5531E-5 86270E-5703E-5
    28    29737E-5545E-5 53271E-5840E-5 59326E-5752E-5
    29   
    30    31270E-5752E-5 33270E-5840E-5
    31    37737E-5639E-5
    32    33269E-5840E-5 80270E-5703E-5
    33    34736E-5531E-5
    34    81270E-5703E-5
    35    36499E-5782E-5 60202E-5760E-5
    36    37849E-5643E-5
    37    46206E-5840E-5
    38    39650E-5632E-5 40271E-5894E-5
    39    74206E-5801E-5
    40    54737E-5542E-5
    41    42206E-5763E-5 73270E-5601E-5
    42    43747E-5648E-5
    43    58454E-5794E-5 65909E-6904E-5
    44    45736E-5531E-5 47269E-5840E-5 83270E-5703E-5
    45    46270E-5702E-5
    46    61206E-5639E-5
    47    62270E-5702E-5
    48    49269E-5840E-5 53270E-5832E-5
    49    50736E-5531E-5 85270E-5703E-5
    50    51270E-5896E-5
    51    52472E-5824E-5 63591E-5639E-5
    52    53698E-5704E-5 57465E-5840E-5
    53   
    54    56270E-5790E-5 77270E-5840E-5
    55    56302E-5668E-5 67388E-5724E-5
    56   
    57    58679E-5630E-5 59271E-5891E-5
    58    72206E-5818E-5
    59    71737E-5545E-5
    60    61270E-5601E-5 64211E-5677E-5
    61    62206E-5639E-5
    62    63206E-5787E-5
    63    65368E-5734E-5
    64    65510E-5632E-5
    65   
    66    67418E-5705E-5 68450E-5687E-5
    67    78270E-5778E-5
    68    69362E-5743E-5 75270E-5783E-5
    69    70339E-5650E-5
    70    71270E-5797E-5
    71    76270E-5840E-5
    72    73206E-5639E-5 76270E-5702E-5
    73    74206E-5639E-5
    74    77270E-5702E-5
    75    76737E-5531E-5 78270E-5752E-5
    76   
    77    78737E-5531E-5
    78   
    79    80175E-5772E-5
    80    81175E-5113E-4
    81    82175E-5113E-4
    82    83175E-5113E-4
    83    84175E-5113E-4
    84    85175E-5113E-4
    85    86175E-5113E-4
    86    87175E-5113E-4
    87    88175E-5113E-4
    88   
     0     0
  1     1     3231E-3  8135E-3  9134E-3
  2     1     4146E-3  7141E-3  8213E-3
  3     1    55180E-3 66172E-3 67147E-3
  4     1    66165E-3 68147E-3 69188E-3
  5     1    21250E-3 22125E-3 23125E-3
  6     1    21125E-3 24125E-3 88250E-3
  7     1    21125E-3 23250E-3 24125E-3 25125E-3 26125E-3 29250E-3
  8     1    24250E-3 25250E-3 87250E-3 88250E-3
  9     1    26250E-3 27125E-3 28133E-3 29125E-3 48125E-3 53242E-3
 10     1    25125E-3 26125E-3 27250E-3 86250E-3 87250E-3
 11     1    48250E-3 49125E-3 50125E-3 51208E-3 52163E-3 53129E-3
 12     1    27125E-3 48125E-3 49250E-3 85250E-3 86250E-3
 13     1    20125E-3 47125E-3 50250E-3 51176E-3 62161E-3 63163E-3
 14     1    20250E-3 49125E-3 50125E-3 84250E-3 85250E-3
 15     1    44125E-3 45125E-3 46161E-3 47250E-3 61178E-3 62161E-3
 16     1    20125E-3 44250E-3 47125E-3 83250E-3 84250E-3
 17     1    10125E-3 11125E-3 31125E-3 37214E-3 45250E-3 46161E-3
 18     1    10250E-3 44125E-3 45125E-3 82250E-3 83250E-3
 19     1    11250E-3 30250E-3 31250E-3 33125E-3 34125E-3
 20     1    10125E-3 11125E-3 34250E-3 81250E-3 82250E-3
 21     1    30125E-3 32125E-3 33250E-3
 22     1    32250E-3 33125E-3 34125E-3 80250E-3 81250E-3
 23     1    32125E-3 79125E-3 80250E-3
 24     1     3144E-3  5125E-3  9231E-3
 25     1     5250E-3  6250E-3  7213E-3  8152E-3  9135E-3
 26     1     2125E-3  4158E-3  6125E-3  7146E-3 40125E-3 54125E-3 56196E-3
 27     1    54250E-3 55161E-3 56159E-3 67180E-3 77125E-3 78125E-3
 28     1    66162E-3 67172E-3 68165E-3 75250E-3 78250E-3
 29     1    68188E-3 69160E-3 70152E-3 71250E-3 75125E-3 76125E-3
 30     1    22171E-3 23125E-3 28125E-3 29125E-3 59125E-3 70204E-3 71125E-3
 31     1     1119E-3  2131E-3  5125E-3  6125E-3
 32     1     1298E-3  2244E-3 38214E-3 40244E-3
 33     1    38173E-3 39160E-3 40131E-3 54125E-3 74161E-3 77250E-3
 34     1    72161E-3 73178E-3 74161E-3 75125E-3 76125E-3 77125E-3 78125E-3
 35     1    57166E-3 58165E-3 59133E-3 71125E-3 72161E-3 76250E-3
 36     1    28242E-3 52164E-3 53129E-3 57223E-3 59242E-3
 37     1    60160E-3 61161E-3 62178E-3 63226E-3 64142E-3 65134E-3
 38     1    17146E-3 18236E-3 42115E-3 43176E-3 64139E-3 65188E-3
 39     1    30125E-3 31125E-3 36146E-3 37104E-3
 40     1    35207E-3 36110E-3 37182E-3 46178E-3 60162E-3 61161E-3
 41     1    12135E-3 35121E-3 36244E-3
 42     1    12142E-3 18131E-3 19158E-3 35172E-3 60178E-3 64219E-3
 43     1    13131E-3 14136E-3 39233E-3 41161E-3 73161E-3 74178E-3
 44     1    41161E-3 42152E-3 43118E-3 58230E-3 72178E-3 73161E-3
 45     1    14242E-3 16203E-3 17144E-3 41178E-3 42233E-3
 46     1    13173E-3 14122E-3 15648E-4 16141E-3
 47     1    15366E-3 16156E-3 17210E-3 18133E-3 19134E-3
000
     1     1 4.89463E-05 1.12262E-02 1.44187E-02
 1.00000E+00
     1     1 3.70601E-05 1.34702E-02 1.34702E-02
 1.00000E+00
     2     0
     1     1 3.47573E-05 1.01026E-02 1.48936E-02
 1.00000E+00
     3     0
     1     1 3.05566E-05 8.18917E-03 1.57023E-02
 1.00000E+00
     4     0
     1     1 3.46770E-05 1.34702E-02 1.34702E-02
 1.00000E+00
     5     0
     1     1 3.46770E-05 1.34702E-02 1.34702E-02
 1.00000E+00
     6     0
     1     1 3.46770E-05 1.34702E-02 1.34702E-02
 1.00000E+00
     7     0
     1     1 4.21501E-05 1.34702E-02 1.34702E-02
 1.00000E+00
     8     0
     1     1 3.46770E-05 1.34702E-02 1.34702E-02
 1.00000E+00
     9     0
     1     1 3.46424E-05 1.34702E-02 1.34702E-02
 1.00000E+00
    10     0
     1     1 3.46459E-05 1.34702E-02 1.34702E-02
 1.00000E+00
    11     0
     1     1 2.26692E-05 7.44247E-03 1.60179E-02
 1.00000E+00
    12     0
     1     1 4.02373E-05 8.17748E-03 1.57073E-02
 1.00000E+00
    13     0
     1     1 3.27703E-05 1.34702E-02 1.34702E-02
 1.00000E+00
    14     0
     1     1 2.97644E-05 1.16187E-02 1.42528E-02
 1.00000E+00
    15     0
     1     1 3.10673E-05 1.34702E-02 1.34702E-02
 1.00000E+00
    16     0
     1     1 2.71234E-05 1.34702E-02 1.34702E-02
 1.00000E+00
    17     0
     1     1 2.88877E-05 1.34702E-02 1.34702E-02
 1.00000E+00
    18     0
     1     1 2.73992E-05 7.87919E-03 1.58334E-02
 1.00000E+00
    19     0
     1     1 3.46424E-05 1.34702E-02 1.34702E-02
 1.00000E+00
    20     0
     1     1 3.46735E-05 1.34702E-02 1.34702E-02
 1.00000E+00
    21     0
     1     1 4.12743E-05 7.96264E-03 1.57981E-02
 1.00000E+00
    22     0
     1     1 3.46831E-05 1.34702E-02 1.34702E-02
 1.00000E+00
    23     0
     1     1 3.46424E-05 1.34702E-02 1.34702E-02
 1.00000E+00
    24     0
     1     1 3.46424E-05 1.34702E-02 1.34702E-02
 1.00000E+00
    25     0
     1     1 3.46459E-05 1.34702E-02 1.34702E-02
 1.00000E+00
    26     0
     1     1 3.46424E-05 1.34702E-02 1.34702E-02
 1.00000E+00
    27     0
     1     1 3.78548E-05 1.34702E-02 1.34702E-02
 1.00000E+00
    28     0
     1     1 3.46831E-05 1.34702E-02 1.34702E-02
 1.00000E+00
    29     0
     1     1 3.46770E-05 1.34702E-02 1.34702E-02
 1.00000E+00
    30     0
     1     1 3.46770E-05 1.34702E-02 1.34702E-02
 1.00000E+00
    31     0
     1     1 3.46424E-05 1.34702E-02 1.34702E-02
 1.00000E+00
    32     0
     1     1 3.46459E-05 1.34702E-02 1.34702E-02
 1.00000E+00
    33     0
     1     1 3.46424E-05 1.34702E-02 1.34702E-02
 1.00000E+00
    34     0
     1     1 4.03488E-05 1.34702E-02 1.34702E-02
 1.00000E+00
    35     0
     1     1 4.45915E-05 1.34702E-02 1.34702E-02
 1.00000E+00
    36     0
     1     1 5.37434E-05 1.34702E-02 1.34702E-02
 1.00000E+00
    37     0
     1     1 4.88868E-05 1.04332E-02 1.47538E-02
 1.00000E+00
    38     0
     1     1 4.06588E-05 1.05737E-02 1.46944E-02
 1.00000E+00
    39     0
     1     1 3.70601E-05 1.34702E-02 1.34702E-02
 1.00000E+00
    40     0
     1     1 2.19660E-05 1.34702E-02 1.34702E-02
 1.00000E+00
    41     0
     1     1 4.08081E-05 1.34702E-02 1.34702E-02
 1.00000E+00
    42     0
     1     1 4.02590E-05 7.94284E-03 1.58064E-02
 1.00000E+00
    43     0
     1     1 3.46424E-05 1.34702E-02 1.34702E-02
 1.00000E+00
    44     0
     1     1 3.46459E-05 1.34702E-02 1.34702E-02
 1.00000E+00
    45     0
     1     1 2.19660E-05 1.34702E-02 1.34702E-02
 1.00000E+00
    46     0
     1     1 3.46459E-05 1.34702E-02 1.34702E-02
 1.00000E+00
    47     0
     1     1 3.46459E-05 1.34702E-02 1.34702E-02
 1.00000E+00
    48     0
     1     1 3.46424E-05 1.34702E-02 1.34702E-02
 1.00000E+00
    49     0
     1     1 3.46459E-05 1.34702E-02 1.34702E-02
 1.00000E+00
    50     0
     1     1 4.65242E-05 1.03415E-02 1.47926E-02
 1.00000E+00
    51     0
     1     1 6.15101E-05 8.82901E-03 1.54319E-02
 1.00000E+00
    52     0
     1     1 3.46770E-05 1.34702E-02 1.34702E-02
 1.00000E+00
    53     0
     1     1 3.46770E-05 1.34702E-02 1.34702E-02
 1.00000E+00
    54     0
     1     1 3.27715E-05 9.19807E-03 1.52759E-02
 1.00000E+00
    55     0
     1     1 2.60777E-05 9.55309E-03 1.51258E-02
 1.00000E+00
    56     0
     1     1 4.82371E-05 1.04558E-02 1.47443E-02
 1.00000E+00
    57     0
     1     1 4.37667E-05 1.06397E-02 1.46666E-02
 1.00000E+00
    58     0
     1     1 3.78542E-05 1.34702E-02 1.34702E-02
 1.00000E+00
    59     0
     1     1 2.19660E-05 1.34702E-02 1.34702E-02
 1.00000E+00
    60     0
     1     1 2.19660E-05 1.34702E-02 1.34702E-02
 1.00000E+00
    61     0
     1     1 2.19660E-05 1.34702E-02 1.34702E-02
 1.00000E+00
    62     0
     1     1 3.85749E-05 1.04680E-02 1.47391E-02
 1.00000E+00
    63     0
     1     1 2.79068E-05 1.34702E-02 1.34702E-02
 1.00000E+00
    64     0
     1     1 3.22789E-05 8.67414E-03 1.54973E-02
 1.00000E+00
    65     0
     1     1 4.21501E-05 1.34702E-02 1.34702E-02
 1.00000E+00
    66     0
     1     1 3.46770E-05 1.34702E-02 1.34702E-02
 1.00000E+00
    67     0
     1     1 3.46770E-05 1.34702E-02 1.34702E-02
 1.00000E+00
    68     0
     1     1 3.31479E-05 9.36952E-03 1.52034E-02
 1.00000E+00
    69     0
     1     1 2.61925E-05 9.60817E-03 1.51025E-02
 1.00000E+00
    70     0
     1     1 3.46709E-05 1.34702E-02 1.34702E-02
 1.00000E+00
    71     0
     1     1 2.19660E-05 1.34702E-02 1.34702E-02
 1.00000E+00
    72     0
     1     1 2.19660E-05 1.34702E-02 1.34702E-02
 1.00000E+00
    73     0
     1     1 2.19660E-05 1.34702E-02 1.34702E-02
 1.00000E+00
    74     0
     1     1 3.46770E-05 1.34702E-02 1.34702E-02
 1.00000E+00
    75     0
     1     1 3.46770E-05 1.34702E-02 1.34702E-02
 1.00000E+00
    76     0
     1     1 3.46770E-05 1.34702E-02 1.34702E-02
 1.00000E+00
    77     0
     1     1 3.46770E-05 1.34702E-02 1.34702E-02
 1.00000E+00
    78     0
     1     1 1.10022E-05 3.36754E-03 3.36754E-03
 1.00000E+00
    79     0
     1     1 3.91795E-05 1.34702E-02 1.34702E-02
 1.00000E+00
    80     0
     1     1 3.91795E-05 1.34702E-02 1.34702E-02
 1.00000E+00
    81     0
     1     1 3.91795E-05 1.34702E-02 1.34702E-02
 1.00000E+00
    82     0
     1     1 3.91795E-05 1.34702E-02 1.34702E-02
 1.00000E+00
    83     0
     1     1 3.91795E-05 1.34702E-02 1.34702E-02
 1.00000E+00
    84     0
     1     1 3.91795E-05 1.34702E-02 1.34702E-02
 1.00000E+00
    85     0
     1     1 3.91795E-05 1.34702E-02 1.34702E-02
 1.00000E+00
    86     0
     1     1 3.91795E-05 1.34702E-02 1.34702E-02
 1.00000E+00
    87     0
     1     1 3.91795E-05 1.34702E-02 1.34702E-02
 1.00000E+00
    88     0
 .0625     1 .1875     1 .3125     1 .4375     1 .5625     1 .6875     1
 .8125     1 .9375     1
 8.19000E-03 5.70000E-04 1.04000E+04 6.55200E+03 9.50000E-03 0.00000E+00
-1.10000E+01-1.10000E+01-1.10000E+01-1.10000E+01 5.00000E+04 0.00000E+00
     1     0     1     1     0     1     1     0     1     0
  .038     0     0     0
     1
     1     1
     0     0     0     0     0     0
0.50   0.0  0.50  0.0
     2     0     0  0.954    0     0    0.    0.    0.
$                                                                 ISCHEM
     0   500    0.  0.     0.    0.     0.    0.     0    0.    0.     1.
     1 567.3  2804  15.5   0.0     0   1.0 0.026     0    0.    1.    0.
    0.     0     0
     0     0     0     0     0
     0     0     3     0     0     0    -1
