Final optimized assembly 
[6, 8, 10, 12, 14, 16, 18, 20, 23, 24, 25, 26, 27, 28, 29, 30, 31, 32, 33, 34, 35, 36, 37, 38, 39, 40, 41, 42, 43, 44, 45, 46]
       message: Optimization terminated successfully.
       success: True
        status: 0
           fun: -2.007
             x: [ 9.006e+00  1.127e+00 ...  5.862e+00  5.107e+00]
           nit: 76
          nfev: 505
 final_simplex: (array([[ 9.006e+00,  1.127e+00, ...,  5.862e+00,
                         5.107e+00],
                       [ 9.013e+00,  1.127e+00, ...,  5.863e+00,
                         5.107e+00],
                       ...,
                       [ 9.012e+00,  1.127e+00, ...,  5.862e+00,
                         5.107e+00],
                       [ 9.012e+00,  1.127e+00, ...,  5.862e+00,
                         5.107e+00]]), array([-2.007e+00, -2.007e+00, ..., -2.006e+00, -2.005e+00]))
[9.00558205, 1.12739643, 9.02016009, 2.25504002, 9.02016009, 3.38256003,
 9.01975245, 4.51008005, 9.02016009, 5.63760006, 9.01983314, 6.76512007,
 9.02016009, 7.89148588, 9.01889587, 1.12752001, 2.25468407, 1.12725712,
 3.39841365, 1.15570422, 4.5091383,  1.12731443, 5.63619341, 1.12752001,
 6.76348835, 1.12752001, 7.89210955, 1.12729242, 2.29731634, 3.38256003,
 2.25504002, 4.51008005, 2.25460002, 5.63760006, 2.25504002, 6.76512007,
 2.25504002, 7.89264008, 2.25455291, 8.11762023, 5.07315263, 6.82034378,
 4.6368608,  7.89144608, 8.11760306, 6.20027641, 7.12476289, 7.21454148,
 5.63696086, 5.07288304, 3.15705603, 6.19996238, 3.15687967, 5.63741705,
 4.05856255, 4.62283205, 5.86241637, 5.10731936]